441522199104135313
430626198603254513
421281198707125005
610303198812132021
431230199005106025
230231199006192728
450322199508131415
41030519700615207X
431122199012243612
652201197511130213
440307199608061519
500234198902105784
362329198819181917
420115198202033236
441881198509260210
440804198307200224
321321198609025583
513030198112105016
45072119790120156X
430481199906080926
210211198902257039
441521200002108233
420104198603021624
340721197409053918
440301195909210956
430721197711254982
340881198611060122
420325198410125411
440921197509090489
522121199301200172
440825199505053022
42112519881004766x
44152319980926703x
445221199808156850
341621199904153910
431102200101249370
440303200007316918
441502199906074019
420682198503103055
钟小玲
421126198609188000
42900119810828384X
445222198909153861
441424199010274029
450921199606142480
433125197903240943
刘旭伊源
422802198709175418
440301198812274121
360782199010050286



















































































































































































































































































































